time,x,y,z,phi,theta,psi,x_velocity,y_velocity,z_velocity,phi_velocity,theta_velocity,psi_velocity,rotor_speed1,rotor_speed2,rotor_speed3,rotor_speed4
0.06,-3.8094795985e-07,3.59268163857e-07,0.00375755893474,0.000318141680875,0.000333499403967,0.0,-3.22727830874e-05,3.05797551001e-05,0.12524568177,0.0142220110148,0.0148401874406,0.0,444.43968369504194,445.65404648021456,444.0457182898676,445.2105903693062
0.12000000000000001,-1.34566002497e-05,1.40942144981e-05,0.0159719466249,0.00199116838186,0.000842360653261,0.0,-0.000486019207546,0.000576288552431,0.281874037756,0.0465144990199,-0.00895704559268,0.0,454.5990631587279,452.6884606553191,454.1445321722215,456.727067924871
0.18,-5.77310451459e-05,9.97162727897e-05,0.0356145111747,0.00453379434455,0.000258903763649,0.0,-0.000933400773226,0.00254784529501,0.372851451895,0.0324585244656,-0.011304687776,0.0,433.86954363823537,433.6725490939855,435.0720296588189,433.8947857494483
0.23999999999999996,-0.000116871653402,0.000365830818173,0.0634815117836,0.00635869197458,6.28281930749,0.0,-0.000963518085591,0.00653831560891,0.555975735112,0.0259786868617,-0.00869264988518,0.0,462.4420311113908,462.6478320315709,463.10899376851165,462.5993726855452
0.3,-0.000165953045986,0.000882878106687,0.09787723294,0.00835949714963,6.28205612335,0.0,-0.000614662959086,0.0108635735735,0.590529592885,0.0450495293342,-0.0223215199329,0.0,416.8356378888509,415.6431860057353,414.8309100622376,416.50242929694684
0.36000000000000004,-0.000173219465387,0.00172794349227,0.137435442277,0.0112871218002,6.28105086959,0.0,0.000496451651406,0.0176083238194,0.727996340249,0.0553889676337,-0.00746064258338,0.0,448.2175551392194,449.4235635230896,448.8036924551743,449.6434034510127
0.4200000000000001,-9.96302306092e-05,0.0030190451237,0.183171246404,0.0145300228775,6.28036742955,0.0,0.00201004901888,0.0257475482457,0.796480661133,0.05122362253,-0.0207144316601,0.0,427.96763272915365,426.8382929568424,427.4898723928011,427.1369066613742
0.48000000000000015,7.77179898923e-05,0.00484470365139,0.231903793182,0.0174449260607,6.27905847997,0.0,0.00401861082898,0.0353829257953,0.827910294247,0.0426935105568,-0.0241147236514,0.0,415.6259253041303,415.32779471275074,415.4208465887647,414.6739206324208
0.5400000000000001,0.000409077233005,0.00733517116951,0.2844327267,0.0197934548711,6.27733656021,0.0,0.00718474178665,0.0478810752006,0.92297624774,0.0308780485631,-0.0399559349992,0.0,437.0197823714514,435.6972477515155,436.3018371062714,435.31516379499845
0.6000000000000002,0.000949101368866,0.0105571282664,0.339475033985,0.0219598460297,6.27505158823,0.0,0.0110162183063,0.0596908192976,0.911771284035,0.0449185095727,-0.0345786049481,0.0,400.7552020846889,401.24273916613515,400.36029843380254,401.6363056253886
0.6600000000000003,0.00180365463408,0.0146489999717,0.399237957892,0.0248909588179,6.27263531008,0.0,0.0177155208574,0.0770179393671,1.08017195158,0.0557402616546,-0.0551948176811,0.0,459.5006435441278,457.8626984448882,458.91689517381997,459.77633849689204
0.7200000000000003,0.00306596268204,0.0197255202656,0.464242919802,0.0282776452813,6.26930520227,0.0,0.0246541843662,0.0924956269858,1.08664214977,0.0578172735444,-0.056122676829,0.0,407.55068438696236,407.4653666427722,407.2632220464332,407.45142310985034
0.7800000000000004,0.00485159067344,0.0258873515732,0.53294401741,0.0318837423688,6.2653692667,0.0,0.0352280453722,0.113264762983,1.20326111788,0.0643164004003,-0.102318101743,0.0,445.4791725521603,441.68192181248,443.06925912717094,443.60575430398904
0.8400000000000004,0.00739022244743,0.0334158616482,0.609884237611,0.0370595502591,6.2589845382,0.0,0.050080644722,0.138198992109,1.36120489331,0.111547929848,-0.116197604466,0.0,456.51144147631555,455.39296736170616,455.2267328186973,458.9953035264847
0.9000000000000005,0.0110166384013,0.0426411662853,0.698260606397,0.0432758949633,6.25202815859,0.0,0.0716303819146,0.170085553532,1.58433522052,0.0788042887344,-0.115429173241,0.0,475.8306682549926,475.8784331461591,478.27210909085045,475.78005327568854
0.9600000000000005,0.0159766754775,0.0537479078101,0.796082513717,0.0478155059998,6.245864081,0.0,0.0943523034168,0.200599414934,1.67621775152,0.0684893120641,-0.0850523174037,0.0,436.0087115211389,438.5290908128607,437.4741107645929,436.6190301018646
1.0200000000000005,0.0226812428803,0.0671064966656,0.906219254623,0.051789347027,6.24045820953,0.0,0.129816499518,0.245203074271,1.99444623185,0.0612830151762,-0.102807634307,0.0,505.3828817850014,504.0957133104765,504.56343083319524,504.04563039805015
1.0800000000000005,0.0314003928807,0.0829304800574,1.02939442699,0.0562079398738,6.23446477498,0.0,0.161447554335,0.282679316016,2.11112517468,0.0909957946834,-0.0946195328779,0.0,446.8113664226729,447.469803893054,444.8165004589589,447.2469122195907
1.1400000000000006,0.0421713253186,0.101135075883,1.16013288916,0.0619586354366,6.2285190824,0.0,0.198191754694,0.324724430613,2.24648962292,0.104104575725,-0.110011725798,0.0,452.8023963957321,451.5540767557876,453.23927593628486,454.29909448914714
1.2000000000000006,0.0553159544914,0.1220300287,1.29962278754,0.0680840983494,6.2219049861,0.0,0.240673754932,0.372431387102,2.40275778476,0.0977286914807,-0.110684739904,0.0,460.40018587464266,460.3366529274864,460.07519331953364,459.578763769724
1.2600000000000007,0.0709558536661,0.145699161974,1.44525724915,0.073586937968,6.21547848629,0.0,0.281265453189,0.417066756699,2.45152746258,0.0756229500879,-0.100778946501,0.0,427.59757028474195,428.42997801745736,427.124709363526,425.2425875919412
1.3200000000000007,0.0891631662604,0.172157499482,1.59395936417,0.0780690419218,6.20942947372,0.0,0.32621119866,0.465290501381,2.50500249918,0.0727936768932,-0.100892781841,0.0,429.2746230134567,429.2557851276666,428.99165481544156,428.755942163715
1.3800000000000008,0.110360931952,0.201781823626,1.74823199461,0.0819369513504,6.20445202159,0.0,0.380931032054,0.522604782621,2.6370185205,0.0373498811418,-0.0606207627071,0.0,452.1497629826777,455.37631720736914,456.52850424944046,453.69432549972055
1.4400000000000008,0.134839892838,0.234813804426,1.9091405541,0.0845354164203,6.20090492526,0.0,0.435374611493,0.578679170443,2.72631650653,0.053142163556,-0.0562721411842,0.0,440.7474090001096,441.1041778811977,442.2033854381645,443.503385378539
1.5000000000000009,0.162559374343,0.27116541478,2.07423414462,0.0874332325842,6.19759149602,0.0,0.488909875357,0.633310524826,2.77660382678,0.0362254372116,-0.0532063289408,0.0,428.9818516945576,429.2399314916243,431.5149773034474,430.0860283045505
1.560000000000001,0.194126115899,0.31142654178,2.24893862513,0.0894155694278,6.19404862832,0.0,0.563672469728,0.708917926312,3.04609611142,0.0257534461636,-0.0745046867559,0.0,496.7428011303872,495.17632694551867,498.06525588437194,497.29908460374196
1.620000000000001,0.22952402687,0.355524350055,2.43150614437,0.0913128126107,6.18985460533,0.0,0.616625898075,0.761146495762,3.03942841907,0.0413311195698,-0.0619994452434,0.0,412.3437013852642,413.4427851862699,412.72775024303724,414.1008020844992
1.680000000000001,0.267862355107,0.402490960859,2.6104209745,0.093911719551,6.1861039681,0.0,0.661602259539,0.804599987481,2.92463714844,0.0470129364379,-0.0635525812927,0.0,374.59619694894786,374.4415044220851,374.56874917657126,375.1223470995759
1.740000000000001,0.309810060536,0.452925313512,2.79115246314,0.0963588413615,6.18244533195,0.0,0.737020754788,0.876785291158,3.09916591254,0.0238713593256,-0.0562707032274,0.0,470.148976503553,470.71039224439755,471.55276806031486,469.7624281910672
1.8000000000000012,0.355977561888,0.507371454354,2.97856206767,0.0976667390893,6.17895072453,0.0,0.802195024796,0.93818317357,3.14760062585,0.0172918684451,-0.062511769874,0.0,432.73088239444905,432.20270556012525,432.63243585087895,432.07810995037863
1.8600000000000012,0.406587031732,0.565953226793,3.17326373439,0.0985189761413,6.17536730525,0.0,0.885139439901,1.01457466267,3.34178770802,0.0071754398341,-0.0546630593317,0.0,477.0008136102949,477.597560275685,479.12585371334006,478.35597450691705
1.9200000000000013,0.46226902042,0.629145712856,3.37974379908,0.098861911403,6.1719191765,0.0,0.971236199776,1.09180118924,3.54017038407,0.00262303456517,-0.0637687393291,0.0,481.1799208387153,480.48804787052006,480.53066135168444,480.1853326298875
1.9800000000000013,0.522958587421,0.696764041828,3.59599608237,0.0988461384575,6.16846743392,0.0,1.05206970194,1.16208341011,3.66772789502,-0.00677055462866,-0.0473113511828,0.0,460.1243360166873,461.4232014543549,461.21913088987066,460.47660634954644
2.0400000000000014,0.588205780061,0.768285121009,3.81679429939,0.0982651652017,6.16588486504,0.0,1.12305338079,1.22187356831,3.69206015445,-0.0162576024885,-0.0356426925977,0.0,428.8551124931367,429.844041296157,429.2665532730211,428.4607956736701
2.1000000000000014,0.657657412813,0.843297366014,4.03823766073,0.0978748804081,6.16435684063,0.0,1.19213477334,1.27845360949,3.68933717952,0.00806950763189,-0.010419961481,0.0,419.12460041724984,421.3109481416058,419.5821512610675,421.68909992994577
2.1600000000000015,0.731917029475,0.922224414578,4.2648802309,0.0980996416465,6.16383861097,0.0,1.28315115593,1.35240431309,3.86474676554,-0.0067257897098,-0.00529073158931,0.0,476.55141655773133,476.9434706832345,477.1741297550065,476.04322725507944
2.2200000000000015,0.811305957352,1.00531111503,4.49925190958,0.0980280212998,6.16439586764,0.0,1.36306016105,1.41707446088,3.9473050528,0.00805150918809,0.0287745755855,0.0,447.12248047179156,449.88939241183226,450.27916911733996,451.4731659329732
2.2800000000000016,0.89542069134,1.09223736005,4.73819442684,0.0980845058125,6.16577094968,0.0,1.44054554005,1.48044894028,4.01716128591,-0.0196956124639,0.00739859954513,0.0,446.1627454208804,444.41397375006295,448.6056277641187,446.3466889124864
2.3400000000000016,0.984021456427,1.1828449022,4.98019698328,0.0968060598937,6.16671575058,0.0,1.51269906576,1.53964778234,4.04945116659,-0.0247430445103,0.0286712673317,0.0,434.0395287795561,435.82129255306086,435.144306434549,434.7215147720674
2.4000000000000017,1.07658640582,1.27669554654,5.2212624756,0.0955058487152,6.16848396532,0.0,1.57265578404,1.58859241083,3.98629928058,-0.016141621783,0.0310218825494,0.0,401.85937373711954,402.07277906079054,403.65724761338527,404.4327346499776
2.4600000000000017,1.17345712103,1.37407455135,5.46498460452,0.0948570244386,6.17025604352,0.0,1.65606547751,1.65720418036,4.13720037175,-0.00185815285896,0.0263811894156,0.0,472.0534788574972,471.69541690188527,470.9733145596715,472.0769611511372
2.520000000000002,1.27528631922,1.47555302379,5.71775762533,0.0948262087251,6.17159243308,0.0,1.73797353435,1.72531829717,4.28795819439,0.0020485696736,0.0124378513432,0.0,473.51249171474655,472.4385264834437,472.54347803865625,472.84457674798136
2.580000000000002,1.38169695547,1.58085959577,5.97691416452,0.0946593010099,6.17247919458,0.0,1.80890147684,1.78484557189,4.35031110773,-0.0148122467262,0.01909310642,0.0,446.7679264260388,447.3101829430319,447.51543562820865,446.1407848133162
2.640000000000002,1.49241823199,1.6897946675,6.24054725313,0.0938799262278,6.17427788164,0.0,1.88157347119,1.84617364883,4.43709630363,-0.0095730617699,0.0458010920818,0.0,454.4836248059893,456.6197265420308,454.5623178371172,454.9821394065419
2.700000000000002,1.60742759587,1.80236927284,6.50918721413,0.0932018561168,6.1769533381,0.0,1.95172125154,1.90618842701,4.51724494681,-0.0150030673773,0.0420544128555,0.0,454.4291596542142,454.1297800551179,453.60780578468115,453.1716142118425
2.760000000000002,1.72599909208,1.91801182309,6.77715513469,0.0921917024332,6.17928645527,0.0,2.00048706303,1.94850082127,4.41545458557,-0.0207793466722,0.0316460287135,0.0,395.316993578807,394.35752203095427,393.1840168567836,392.6484523484459
2.820000000000002,1.84766990971,2.03636021118,7.04107387911,0.0909220155326,6.18096532894,0.0,2.05502960366,1.9963192453,4.38198255658,-0.0219367385906,0.0194040076523,0.0,416.13312836094605,415.060225946192,417.841188804711,417.7402355187466
2.880000000000002,1.97289849496,2.15783213372,7.30609471475,0.0899059226397,6.18195270906,0.0,2.11907853142,2.05256960976,4.45175399409,-0.00844794316981,0.00979127052324,0.0,449.9807919043384,449.2017677638437,449.94337187557284,451.03427864564753
2.940000000000002,2.10208029298,2.28277474526,7.57663831543,0.089364111928,6.18249626826,0.0,2.18683079304,2.11204950773,4.56586378907,-0.0102208622477,0.00755367153604,0.0,464.31893771768745,464.14321431595084,464.5651338543388,464.42620712073995
3.000000000000002,2.23513424225,2.41111441899,7.85232193919,0.0886651279564,6.183572762,0.0,2.24815321167,2.16581759348,4.62332924497,-0.0146725947921,0.0332247834008,0.0,446.0106043663924,448.1025624095579,448.8465515584765,448.48519476738005
3.0600000000000023,2.37157025079,2.54242553548,8.12882779896,0.0880424101409,6.18548956793,0.0,2.29951680896,2.21113351446,4.59366902306,-0.00293820833991,0.0292602636416,0.0,420.2560486412287,419.9126535779656,419.49086232346144,420.508857713911
3.1200000000000023,2.51087382857,2.67628437115,8.40179145353,0.0879868355015,6.18752833393,0.0,2.34378316868,2.2508177127,4.50549792679,0.00282152474545,0.0420523298869,0.0,399.14923886379796,400.31575330839934,399.1671648101341,399.69254576735256
3.1800000000000024,2.65335368726,2.81303575881,8.67533963734,0.0882248361127,6.19037201454,0.0,2.40517181024,2.30750899339,4.61232627595,0.00616401603067,0.0563683960404,0.0,462.74819830059494,463.8751275281325,461.7704497088353,462.034004440412
3.2400000000000024,2.7991908408,2.95294702899,8.95258114701,0.0887495966306,6.19429402472,0.0,2.45567373776,2.35620195257,4.62900680578,0.0134657749155,0.0790640539457,0.0,434.4604409117137,436.3625718075115,434.67060453133763,435.28206103604344
3.3000000000000025,2.94797922111,3.09579235867,9.23091548587,0.0898078887779,6.19886713099,0.0,2.50345282415,2.40535640033,4.6487491792,0.0248941880014,0.0698184684374,0.0,436.36576637984325,435.5978525630544,436.1040908521307,437.05771738689896
3.3600000000000025,3.09938212838,3.24143139983,9.5085479879,0.0911454887189,6.20289233179,0.0,2.54293878545,2.44937971162,4.60586945549,0.0165058517927,0.0609742525909,0.0,416.677042252492,415.9066945419831,415.44316313739455,414.7069474053554
3.4200000000000026,3.25306325688,3.38970786635,9.78341467327,0.0920499482087,6.20653045758,0.0,2.57943910607,2.49323090632,4.55658213237,0.0120456219638,0.059949339132,0.0,412.9269905039281,412.83947074631794,413.4079637142546,413.0146224097488
3.4800000000000026,3.40940421376,3.54127505089,10.0623892765,0.0925079491296,6.21081882321,0.0,2.63135189761,2.55896889191,4.74179153585,-0.00310423272183,0.0879679246253,0.0,484.93539420208185,487.0389907796115,486.80446927235954,485.6692820623891
3.5400000000000027,3.56872033695,3.69675804548,10.3521803157,0.0924353401632,6.21654314852,0.0,2.67844424048,2.62367421634,4.91718656442,0.00233205916542,0.107191399786,0.0,484.517428306676,485.9674602087256,484.0583826769901,484.4673838540303
3.6000000000000028,3.7304477506,3.8557412204,10.6484630601,0.0930463365098,6.22286464322,0.0,2.71180071729,2.67575198856,4.95878258801,0.0224972593543,0.101417354602,0.0,446.1639828343888,445.70188984157716,444.5843251358298,446.2336650676478
3.660000000000003,3.89404152152,4.01785045404,10.9471764407,0.0941524558893,6.22876229989,0.0,2.74069871876,2.72795581624,4.99819441685,0.00873333441805,0.0911800968789,0.0,446.2835760553354,445.45528323154736,445.2246075727058,444.0968254433028
3.720000000000003,4.0591886122,4.18299764972,11.2471466228,0.0948576748509,6.23446505402,0.0,2.76366094948,2.77696806757,5.00085120323,0.0171972417011,0.101827457263,0.0,433.50512705275275,434.40689997632415,433.21722143246944,433.9283281820639
3.780000000000003,4.22571358841,4.35131931837,11.5496665339,0.0955449227711,6.24051340891,0.0,2.78649634648,2.8337714742,5.08281402844,-0.00365596429618,0.0986820663149,0.0,458.53574510153453,458.29420149967166,459.8617658769801,458.2066043197875
3.840000000000003,4.39352944841,4.52317448396,11.8583991536,0.0958547228199,6.24724344891,0.0,2.80661095296,2.89464752534,5.20775041032,0.0186547247693,0.13061930794,0.0,470.78185064881086,473.2567463949637,471.8850824711132,473.6044185141114
3.900000000000003,4.56238308702,4.69866678256,12.1744318055,0.0976329341167,6.25485383893,0.0,2.82095567846,2.95516640179,5.32615609274,0.0455641585669,0.117952506702,0.0,471.17034350264373,470.20348561822084,471.2496353364934,473.3256380751198
3.960000000000003,4.73189144785,4.87769694084,12.4962526173,0.100521132052,6.26187876979,0.0,2.8285690847,3.01271690244,5.40085476268,0.052838953271,0.115283868474,0.0,458.9665370440928,458.76646226517676,459.5370705094095,460.1147895956539
4.020000000000002,4.90176439097,5.0605210863,12.8253945882,0.103260927325,6.26866033329,0.0,2.83302904844,3.0816433724,5.56969533647,0.0247355359714,0.108082638161,0.0,488.00751564386246,487.47970149270503,489.45485338108836,487.35941687808594
4.080000000000001,5.07165591994,5.24685297691,13.1581624242,0.104636191338,6.27497167615,0.0,2.82947055915,3.12952013101,5.52284306364,0.0190203600188,0.0986686346839,0.0,423.30362801364197,422.50281403202047,423.4119157527551,422.91990574580507
4.14,5.24123895681,5.43628066509,13.4901237529,0.105557492402,6.28151816176,0.0,2.82269396835,3.1847764813,5.54247203838,0.00677508862507,0.124438256529,0.0,442.41529104092047,444.5425715590149,445.15202550692663,444.1485755602175
4.199999999999998,5.41028369288,5.62928870758,13.8257210091,0.105789550656,0.00631690183051,0.0,2.81129417394,3.24875717949,5.64365029904,-0.00269504791773,0.146320039201,0.0,467.75930961082526,469.4755322684483,470.44165829829217,469.70760953518146
4.259999999999997,5.578500229,5.82566776409,14.1630615347,0.105322159371,0.0149394851085,0.0,2.79517230394,3.29716256421,5.6013429837,-0.0206730566639,0.137905744575,0.0,425.12667867736076,424.42522037897027,426.0177012170008,424.47745675711093
4.319999999999996,5.74549047848,6.02563586146,14.5045762417,0.103775076132,0.023065770779,0.0,2.77021297967,3.36813003218,5.78164576208,-0.038720739523,0.129985927469,0.0,493.9794498747242,493.40989323044676,492.5765177598089,491.23972839225945
4.379999999999995,5.91087957096,6.22943320406,14.8533008873,0.101201022082,0.0307790022769,0.0,2.74198830663,3.42478482985,5.84230640857,-0.0529444162873,0.125527166026,0.0,458.7688663143638,458.4291697219925,459.91184990772086,458.7826735653204
4.439999999999993,6.07439163352,6.4366463973,15.2065062682,0.0983800160804,0.0394725456834,0.0,2.70756959212,3.48190974708,5.93086595361,-0.0372242511675,0.168325744836,0.0,466.00290043144656,469.3542855144375,467.4384152735556,468.6608281762086
4.499999999999992,6.23573786041,6.64700315706,15.5628433189,0.0962751755537,0.0500298365089,0.0,2.66967116796,3.52972076641,5.94707615803,-0.0311063209717,0.187976070023,0.0,445.3960231296068,447.0298571554042,445.99891078633385,446.4978865693529
4.559999999999991,6.39462914677,6.86013782844,15.9197428329,0.0940454759292,0.0611612057416,0.0,2.62568116174,3.5745333071,5.94968027235,-0.0534165171557,0.180108696989,0.0,443.10761964275,442.49374245551553,441.7774636501208,439.93284965793515
4.6199999999999894,6.5503105805,7.07644604276,16.2825939091,0.0910689987377,0.071605054834,0.0,2.56249548552,3.6352177219,6.14442389449,-0.0429126438121,0.157877975329,0.0,500.38713072914743,498.7910121334636,498.58377359564514,499.3494620787034
4.679999999999988,6.70238330252,7.29578662369,16.6513426144,0.0881192282406,0.0812348198654,0.0,2.5057406959,3.67583127006,6.1472856473,-0.0661622547799,0.165270331223,0.0,443.5066877744908,444.1380250892657,444.45928319443607,442.5475951350543
4.739999999999987,6.85067851301,7.51769950625,17.0226347449,0.0843507023776,0.0910567799117,0.0,2.43647374926,3.72077041013,6.22878574467,-0.0568303646586,0.160360942537,0.0,467.33128494025544,466.9724881652922,468.21022002400764,468.93316320832406
4.799999999999986,6.99468274559,7.74216263972,17.3981477445,0.0804962299762,0.100378576989,0.0,2.36277876292,3.76089541811,6.2880802471,-0.0862809694912,0.142818439608,0.0,463.00296095495673,461.6420495242525,462.4484351043367,460.1190875934695
4.859999999999984,7.13443753116,7.96866452492,17.7738232858,0.0752429880338,0.108585924898,0.0,2.29502115805,3.78869756592,6.23485212577,-0.09022818564,0.120652622303,0.0,427.2197815356658,425.3430341402575,426.6985410841003,426.3546404131584
4.919999999999983,7.26988164446,8.19681435143,18.1474115547,0.0701955269533,0.115798062619,0.0,2.21918245613,3.8157840744,6.21828166548,-0.0740932652133,0.119286989978,0.0,436.86125871165774,436.76064904367126,437.6061174802342,438.94142252818654
4.979999999999982,7.39983561507,8.42697440822,18.5269867037,0.0659102994189,0.123021483009,0.0,2.11192687281,3.85554636208,6.43310319636,-0.0665515122412,0.122508476221,0.0,506.1048702417119,506.34784526301627,506.7758744091097,507.3145250286432
5.0399999999999805,7.52410323139,8.65892724152,18.9121274521,0.0629621233107,0.130348962771,0.0,2.02972841524,3.87588779007,6.40512096099,-0.0272122663483,0.121346555616,0.0,435.6427431148066,435.55937601406214,434.47912836595066,437.7636256036969
